      0/49     7.23G   0.05878   0.06928  0.007372    0.1354       436       640    0.3647    0.6523    0.5786    0.2834   0.04249   0.06941  0.002942
      1/49     10.1G   0.04375   0.06377  0.002932    0.1105       401       640    0.3717    0.6755    0.6035    0.3117   0.03891   0.06769  0.002423
      2/49     10.1G   0.04102   0.06311  0.002634    0.1068       371       640    0.3506    0.6761    0.5978     0.307   0.03889   0.06789  0.002324
      3/49     10.1G   0.04022   0.06292   0.00253    0.1057       415       640    0.3817     0.679      0.61    0.3165    0.0378   0.06636  0.002124
      4/49     10.1G   0.03932    0.0619  0.002397    0.1036       545       640    0.4172    0.6849    0.6265    0.3279   0.03739   0.06549  0.001975
      5/49     10.1G   0.03886   0.06155  0.002326    0.1027       303       640     0.407     0.697    0.6359    0.3346   0.03688   0.06496    0.0019
      6/49     10.1G   0.03857   0.06106  0.002263    0.1019       396       640    0.4075    0.7056    0.6408    0.3391   0.03657   0.06462  0.001829
      7/49     10.1G   0.03831    0.0608  0.002221    0.1013       430       640     0.408    0.7139    0.6498    0.3447   0.03631   0.06426  0.001801
      8/49     10.1G    0.0381   0.06052  0.002197    0.1008       385       640    0.4053    0.7186    0.6526    0.3484   0.03612   0.06416  0.001763
      9/49     10.1G   0.03801   0.06062  0.002175    0.1008       492       640    0.3999    0.7216    0.6546    0.3504   0.03601   0.06414  0.001735
     10/49     10.1G   0.03794   0.06025  0.002141    0.1003       382       640    0.3986    0.7277    0.6587     0.353   0.03592   0.06405  0.001722
     11/49     10.1G   0.03778   0.06035  0.002113    0.1002       410       640    0.3975    0.7307    0.6601    0.3532   0.03583     0.064  0.001711
     12/49     10.1G   0.03764   0.06011  0.002132   0.09989       344       640    0.3968    0.7313    0.6613    0.3548   0.03578   0.06398  0.001707
     13/49     10.1G   0.03754   0.05986  0.002099   0.09949       369       640    0.3975    0.7332    0.6632    0.3557   0.03574   0.06396    0.0017
     14/49     10.1G    0.0375   0.05986  0.002089   0.09945       371       640    0.3976    0.7344     0.664    0.3561    0.0357   0.06393  0.001693
     15/49     10.1G   0.03738   0.05975  0.002063    0.0992       385       640    0.3981     0.734    0.6652    0.3577   0.03566   0.06389  0.001687
     16/49     10.1G   0.03734    0.0596  0.002067   0.09901       450       640     0.398    0.7356    0.6666    0.3582   0.03563   0.06387  0.001683
     17/49     10.1G   0.03717    0.0595   0.00203    0.0987       334       640    0.3984    0.7354    0.6661    0.3585    0.0356   0.06382  0.001679
     18/49     10.1G   0.03709   0.05944  0.002016   0.09855       383       640    0.3988    0.7372    0.6669    0.3591   0.03557    0.0638  0.001676
     19/49     10.1G   0.03703   0.05927   0.00201    0.0983       383       640    0.3989    0.7379    0.6679    0.3595   0.03555   0.06377  0.001671
     20/49     10.1G   0.03693   0.05912  0.001974   0.09803       305       640    0.3989     0.739    0.6689    0.3607   0.03552   0.06372  0.001667
     21/49     10.1G   0.03683   0.05908  0.001962   0.09787       389       640    0.3997    0.7388    0.6703    0.3615   0.03549   0.06366  0.001661
     22/49     10.1G   0.03667   0.05852  0.001938   0.09713       451       640    0.4005    0.7386    0.6706     0.362   0.03545   0.06361  0.001655
     23/49     10.1G   0.03661   0.05882  0.001927   0.09736       331       640    0.4029     0.739    0.6714    0.3627   0.03542   0.06355   0.00165
     24/49     10.1G   0.03649   0.05855  0.001918   0.09696       340       640    0.4042    0.7399    0.6725    0.3633    0.0354   0.06348  0.001644
     25/49     10.1G   0.03646   0.05846  0.001899   0.09682       370       640    0.4043    0.7401    0.6739    0.3634   0.03537   0.06343   0.00164
     26/49     10.1G   0.03638   0.05826  0.001896   0.09654       351       640    0.4063    0.7421    0.6746    0.3639   0.03535   0.06339  0.001635
     27/49     10.1G   0.03621   0.05812  0.001866    0.0962       388       640    0.4071    0.7412    0.6743    0.3644   0.03532   0.06333   0.00163
     28/49     10.1G   0.03608   0.05803  0.001853   0.09596       543       640    0.4091    0.7429    0.6757    0.3648    0.0353   0.06328  0.001624
     29/49     10.1G   0.03603    0.0578  0.001826   0.09566       376       640    0.4103    0.7442    0.6765    0.3654   0.03528   0.06323   0.00162
     30/49     10.1G   0.03595   0.05778  0.001807   0.09554       347       640    0.4105    0.7433    0.6768    0.3657   0.03526    0.0632  0.001615
     31/49     10.1G   0.03581    0.0575  0.001782   0.09509       388       640    0.4123    0.7454    0.6778    0.3665   0.03523   0.06317  0.001609
     32/49     10.1G   0.03571   0.05726  0.001764   0.09473       376       640    0.4132    0.7455    0.6788    0.3671   0.03521   0.06313  0.001606
     33/49     10.1G   0.03557    0.0571  0.001757   0.09442       479       640     0.415    0.7457    0.6791    0.3675    0.0352    0.0631  0.001603
     34/49     10.1G    0.0355    0.0571  0.001767   0.09436       344       640    0.4153    0.7458    0.6795    0.3684   0.03517   0.06307    0.0016
     35/49     10.1G   0.03537    0.0568  0.001724   0.09389       358       640    0.4159     0.745    0.6798    0.3683   0.03515   0.06305  0.001598
     36/49     10.1G    0.0353   0.05677  0.001698   0.09377       319       640    0.4174    0.7455    0.6806    0.3688   0.03513   0.06303  0.001595
     37/49     10.1G   0.03518   0.05654  0.001687    0.0934       343       640    0.4179    0.7455    0.6817    0.3696    0.0351     0.063  0.001593
     38/49     10.1G   0.03507   0.05623  0.001672   0.09297       422       640    0.4197    0.7462    0.6827    0.3702   0.03508   0.06298   0.00159
     39/49     10.1G   0.03503   0.05634  0.001663   0.09303       449       640    0.4214    0.7477    0.6843    0.3707   0.03506   0.06296  0.001588
     40/49     10.1G   0.03487   0.05602  0.001639   0.09253       458       640    0.4236    0.7465    0.6847    0.3712   0.03505   0.06293  0.001587
     41/49     10.1G   0.03478   0.05597  0.001609   0.09236       332       640    0.4247    0.7462    0.6846    0.3713   0.03503   0.06292  0.001587
     42/49     10.1G   0.03474   0.05582  0.001601   0.09217       340       640    0.4265    0.7473    0.6851    0.3715   0.03501   0.06291  0.001587
     43/49     10.1G   0.03459   0.05562  0.001587    0.0918       331       640    0.4273    0.7481     0.686    0.3722     0.035   0.06291  0.001588
     44/49     10.1G   0.03455   0.05544  0.001548   0.09154       434       640    0.4286    0.7484    0.6859    0.3722   0.03499   0.06291  0.001587
     45/49     10.1G    0.0345   0.05518   0.00156   0.09124       410       640    0.4297    0.7486    0.6863    0.3725   0.03497   0.06292  0.001588
     46/49     10.1G   0.03444   0.05521  0.001559   0.09121       373       640    0.4305    0.7496    0.6864    0.3726   0.03496   0.06295   0.00159
     47/49     10.1G    0.0344    0.0551  0.001536   0.09103       328       640    0.4312    0.7493    0.6869     0.373   0.03496   0.06297  0.001591
     48/49     10.1G   0.03432   0.05505  0.001547   0.09092       459       640    0.4314    0.7483    0.6864     0.373   0.03495     0.063  0.001592
     49/49     10.1G   0.03433   0.05503  0.001539    0.0909       364       640    0.4313    0.7483    0.6863    0.3729   0.03495   0.06302  0.001594
